Starting Dynare (version 4.5.5).
Starting preprocessing of the model file ...
Found 9 equation(s).
Evaluating expressions...done
Computing static model derivatives:
 - order 1
Computing dynamic model derivatives:
 - order 1
Processing outputs ...
done
Preprocessing completed.

STEADY-STATE RESULTS:

a1     		 1
a2     		 1
c1     		 0.0280584
c2     		 0.0280584
k1     		 1
k2     		 1
i1     		 0.025
i2     		 0.025
lambda 		 1

EIGENVALUES:
         Modulus             Real        Imaginary

          0.8972           0.8972                0
            0.95             0.95                0
            0.95             0.95                0
          0.9921           0.9921                0
           1.018            1.018                0
           1.126            1.126                0
       4.295e+16        4.295e+16                0
       5.058e+16       -5.058e+16                0
       5.879e+34       -5.879e+34                0


There are 5 eigenvalue(s) larger than 1 in modulus 
for 5 forward-looking variable(s)

The rank condition is verified.


MODEL SUMMARY

  Number of variables:         9
  Number of stochastic shocks: 3
  Number of state variables:   4
  Number of jumpers:           5
  Number of static variables:  2


MATRIX OF COVARIANCE OF EXOGENOUS SHOCKS
Variables          e1        e2         e
e1           1.000000  0.000000  0.000000
e2           0.000000  1.000000  0.000000
e            0.000000  0.000000  1.000000

POLICY AND TRANSITION FUNCTIONS
                                  a1              a2              c1              c2              k1              k2              i1              i2          lambda
Constant                    1.000000        1.000000        0.028058        0.028058        1.000000        1.000000        0.025000        0.025000        1.000000
k1(-1)                             0               0        0.006937        0.011099        0.944645        0.047419       -0.030355        0.047419       -0.395584
k2(-1)                             0               0        0.006937        0.011099        0.047419        0.944645        0.047419       -0.030355       -0.395584
a1(-1)                      0.950000               0        0.001670        0.002672        0.063011       -0.040697        0.063011       -0.040697       -0.095230
a2(-1)                             0        0.950000        0.001670        0.002672       -0.040697        0.063011       -0.040697        0.063011       -0.095230
e1                          0.010000               0        0.000018        0.000028        0.000663       -0.000428        0.000663       -0.000428       -0.001002
e2                                 0        0.010000        0.000018        0.000028       -0.000428        0.000663       -0.000428        0.000663       -0.001002
e                           0.010000        0.010000        0.000035        0.000056        0.000235        0.000235        0.000235        0.000235       -0.002005


THEORETICAL MOMENTS
VARIABLE         MEAN  STD. DEV.   VARIANCE
a1             1.0000     0.0453     0.0021
a2             1.0000     0.0453     0.0021
c1             0.0281     0.0007     0.0000
c2             0.0281     0.0010     0.0000
k1             1.0000     0.0470     0.0022
k2             1.0000     0.0470     0.0022
i1             0.0250     0.0021     0.0000
i2             0.0250     0.0021     0.0000
lambda         1.0000     0.0372     0.0014



VARIANCE DECOMPOSITION (in percent)
              e1      e2       e
a1         50.00    0.00   50.00
a2          0.00   50.00   50.00
c1         16.67   16.67   66.67
c2         16.67   16.67   66.67
k1         35.17   10.05   54.78
k2         10.05   35.17   54.78
i1         50.98   19.77   29.25
i2         19.77   50.98   29.25
lambda     16.67   16.67   66.67



MATRIX OF CORRELATIONS
Variables        a1      a2      c1      c2      k1      k2      i1      i2  lambda
a1           1.0000  0.5000  0.4629  0.4629  0.4735  0.1170  0.7976  0.1970 -0.4629
a2           0.5000  1.0000  0.4629  0.4629  0.1170  0.4735  0.1970  0.7976 -0.4629
c1           0.4629  0.4629  1.0000  1.0000  0.8921  0.8921  0.5859  0.5859 -1.0000
c2           0.4629  0.4629  1.0000  1.0000  0.8921  0.8921  0.5859  0.5859 -1.0000
k1           0.4735  0.1170  0.8921  0.8921  1.0000  0.6434  0.5858  0.3601 -0.8921
k2           0.1170  0.4735  0.8921  0.8921  0.6434  1.0000  0.3601  0.5858 -0.8921
i1           0.7976  0.1970  0.5859  0.5859  0.5858  0.3601  1.0000 -0.1226 -0.5859
i2           0.1970  0.7976  0.5859  0.5859  0.3601  0.5858 -0.1226  1.0000 -0.5859
lambda      -0.4629 -0.4629 -1.0000 -1.0000 -0.8921 -0.8921 -0.5859 -0.5859  1.0000



COEFFICIENTS OF AUTOCORRELATION
Order          1       2       3       4       5
a1        0.9500  0.9025  0.8574  0.8145  0.7738
a2        0.9500  0.9025  0.8574  0.8145  0.7738
c1        0.9978  0.9953  0.9926  0.9896  0.9864
c2        0.9978  0.9953  0.9926  0.9896  0.9864
k1        0.9993  0.9975  0.9947  0.9910  0.9865
k2        0.9993  0.9975  0.9947  0.9910  0.9865
i1        0.9143  0.8378  0.7693  0.7082  0.6535
i2        0.9143  0.8378  0.7693  0.7082  0.6535
lambda    0.9978  0.9953  0.9926  0.9896  0.9864
Total computing time : 0h00m08s
